1111111111111111111111111111111111111111111111111
1100000000000000000000000000001000000000000000011
1100000000000000000000000000201000000000000000011
1100000000000000000000000000001000000000000000011
1100000000011111111111111111111000000000000000011
1100000000000000000000000000000000000000000000011
1100000000000000000000000000033333333333333333311
1111100000000000000000000000011111111111111111111
1100000000000000000000000000000000000000000000011
1100000000000000000000000000000000000000000000011
1100000000000000000000000000000000000000000000011
1111111111111111111111000000000000000000111111111
1100000000000000000000000000000000000000000000011
1100000000000000000000000000000000000000000000011
1100000000000000000000000000000000000000000000011
1100000000000000000000000000011111111111111111111
1100000000000000000000000000000000000000000000011
1100000000000000000000000000000000000000000000011
1100000000000000000000000000000000000000000000011
1100000000011111111111111111111000000000000000011
1100000000000000000000000000000000000000000000011
1100000000000000000000000000000000000000000000011
1100000000000000000000000000000000000000000000011
1100000000000000000000000000011111111111111111111
1100000000000000000000000000000000000000000000011
1100000000000000000000000000000000000000000000011
1133333300000000000000000000000000000000000000011
1111111111111111111111111111111111111111111111111